# Revised Goedecker-Teter-Hutter (GTH) pseudopotentials
#
# Author: Matthias Krack (25.03.2022, PSI)
#
H GTH-PBE-q1
    1
     0.20000000    2    -4.04797008     0.66965815
    0
#
He GTH-PBE-q2
    2
     0.20000000    2    -9.06984697     1.67662166
    0
#
Li GTH-PBE-q3
    3
     0.20000000    4   -22.24851001    11.49656815    -1.65958886     0.06282927
    0
#
Be GTH-PBE-q4
    4
     0.20000000    4   -33.38073685    20.12524234    -3.39437092     0.15149868
    0
#
B GTH-PBE-q3
    2    1
     0.48000000    2    -3.62514450     0.56796154
    2
     0.37121982    1     5.89651005
     0.28452011    1    -0.69516405
#
B GTH-PBE-q5
    4    1
     0.18000000    2   -30.98863324     1.29579162
    2
     0.21514161    1     2.92474211
     0.16934927    1     4.44969410
#
C GTH-PBE-q4
    2    2
     0.33000000    2    -9.12262038     1.54398721
    2
     0.29798008    1     9.86073638
     0.35634007    1    -0.08162373
#
N GTH-PBE-q5
    2    3
     0.38000000    2    -6.35849224     0.89676360
    2
     0.25892969    1    12.04428569
     0.16056803    1    -4.00261825
#
O GTH-PBE-q6
    2    4
     0.20000000    2   -41.72846086     5.71615934
    2
     0.21630245    1    22.28024587
     0.13790574    1     8.07377220
#
F GTH-PBE-q7
    2    5
     0.18000000    2   -39.90926774     3.17131040
    2
     0.19771730    1    26.13380635
     0.16256219    1     4.21105146
#
Ne GTH-PBE-q8
    2    6
     0.16000000    2   -51.66050518     4.46630529
    2
     0.17591257    1    33.19429702
     0.14111991    1     5.68428600
#
